state={
	id=112
	name="STATE_112"
	provinces={
		56 90 186 241 281 398 491 545 562 580 587 606 739 766 813 960 965 995 1013 1062 1219 1291 1307 1315 1329 1353 1395 1398 1410 1434 1447 1458 1516 1560 1582 1621 1662 1690 1691 1728 1815 1844 1895 1918 1964 2008 2033 2036 2057 2081 2133 2177 2212 2294 2310 2316 2373 2447 2468 2502 2525 2534 2538 2640 2671 2697 2803 2807 2811 2813 2886 2893 2921 2947 3036 3243 3248 3251 3309 3310 3341 3354 3374 3409 3426 3455 3463 3469 3470 3481 3502 3514 3531 3542 3548 3558 3564 3571 3596 3597 3611 3643 3661 3673 3674 3692 3693 3694 3702 3714 3715 3728 3772 3779 3788 3797 3821 3830 3834 3856 3857 3865 3869 3872 3879 3887 3902 3903 3934 3963 3982 3989 3996 4000 4003 4030 4036 4043 4044 4063 4074 4085 4086 4110 4143 4153 4164 4165 4172 4181 4203 
	}
	buildings_max_level_factor=1.000
        manpower=1
        state_category = town
}
