state={
	id=129
	name="STATE_129"
	provinces={
		30 68 91 101 180 372 421 441 483 596 790 819 864 969 996 1003 1051 1064 1092 1122 1124 1152 1207 1226 1283 1319 1378 1426 1473 1524 1577 1592 1600 1603 1624 1716 1786 1803 1811 1816 1818 1901 1908 1916 2160 2170 2330 2417 2490 2503 2571 2603 2628 2644 2657 2676 2777 2781 2806 2817 2887 2960 3001 4468 4475 4481 4482 4488 4492 4493 4496 4503 4504 4517 4518 4521 4527 4528 4532 4533 4534 4543 4550 4551 4554 4563 4567 4568 4572 4573 4579 4580 4586 4606 4607 4628 4629 4636 4637 4640 4655 4687 4688 4689 4694 4698 4699 4703 4710 4723 4729 4738 4754 4765 4773 4774 4775 4783 4791 4792 4793 4801 4810 4811 4821 4834 4843 4856 4857 4861 
	}
	buildings_max_level_factor=1.000
        manpower=1
        state_category = town
}
