state={
	id=135
	name="STATE_135"
	provinces={
		134 166 177 265 268 298 311 502 530 586 599 722 726 754 781 816 817 942 1059 1068 1470 1601 1648 1724 1746 1851 1920 1933 1982 2030 2042 2135 2190 2275 2283 2339 2354 2512 2591 2623 2669 2681 2701 2711 2717 2786 2839 2978 3022 4555 4574 4575 4592 4601 4609 4624 4633 4646 4659 4660 4683 4691 4696 4702 4734 4755 4761 4762 4769 4770 4771 4817 4827 4830 4839 4850 4851 4864 4896 4897 4904 4905 4908 4919 4929 4930 4945 4991 5001 5030 5034 5035 5042 5060 5077 5082 5095 5103 
	}
	buildings_max_level_factor=1.000
        manpower=1
        state_category = town
}
