state={
	id=154
	name="STATE_154"
	provinces={
		11 111 203 233 235 332 335 336 475 540 563 576 630 638 976 1082 1095 1101 1402 1448 1483 1557 1562 1576 1766 2026 2124 2126 2157 2199 2214 2257 2293 2342 2434 2645 2673 2684 2757 2779 2913 2943 2945 3065 4879 4914 4949 4955 4971 4977 4989 5017 5029 5033 5048 5067 5079 5097 5098 5099 5106 5111 5127 5128 5146 5151 5157 5175 5205 5206 5227 5237 5238 5239 5258 5266 5285 5296 5309 5310 5314 5332 5344 5357 5372 5373 5381 5385 5386 5403 5418 5419 5425 5443 5474 5489 5520 
	}
	buildings_max_level_factor=1.000
        manpower=1
        state_category = town
}
