state={
	id=5
	name="STATE_5"
	provinces={
		60 79 160 191 271 314 382 428 452 496 505 514 521 531 547 566 594 615 634 661 721 728 732 798 801 827 869 878 892 923 930 1033 1036 1039 1057 1085 1100 1134 1169 1216 1241 1243 1244 1263 1274 1279 1323 1326 1327 1328 1397 1411 1413 1472 1476 1488 1512 1547 1564 1578 1607 1639 1668 1682 1712 1734 1791 1812 1819 1823 1832 1840 1856 1872 1889 1921 1958 1961 1983 2027 2075 2085 2109 2116 2151 2179 2194 2197 2204 2254 2261 2262 2281 2295 2334 2346 2435 2440 2478 2509 2510 2518 2566 2573 2595 2608 2616 2632 2656 2680 2710 2751 2752 2767 2788 2800 2836 2894 2905 2915 2929 2971 3027 3045 3055 3057 3066 3184 3185 3186 3187 3188 3240 3245 3249 3255 3264 3265 3274 3280 3303 3320 3323 3336 3358 3366 3387 3392 3393 3394 3413 3434 3447 3459 3476 3491 3492 3537 3544 3549 3560 3561 3594 3600 3605 3614 3626 3627 3636 3645 3646 3652 3653 3668 3677 3689 3705 3706 3717 3718 3731 3732 3734 3735 3752 3759 3767 3774 3814 3815 3816 3837 3847 3851 3860 3874 3877 3883 3884 3895 3905 3921 3928 3929 3941 3945 3964 3971 3972 3978 3993 4005 4008 4018 4045 4065 4070 4089 4092 4106 4112 4123 4137 4138 4158 4174 4193 4197 4198 4230 4249 4251 4285 4294 4296 4308 4313 4314 4323 4338 4349 4350 4357 4358 4373 4387 4401 4406 4407 4413 4417 4426 4455 
	}
	buildings_max_level_factor=1.000
        manpower=1
        state_category = town
}
