state={
	id=85
	name="STATE_85"
	provinces={
		19 187 198 217 282 326 469 699 724 780 789 894 932 934 966 1089 1337 1366 1424 1440 1449 1509 1523 1558 1606 1630 1646 1707 1738 1792 1807 2010 2037 2058 2092 2106 2203 2235 2280 2296 2320 2393 2528 2543 2641 2662 2663 2677 2709 2928 2950 2966 3013 3105 3493 3550 3577 3637 3647 3683 3690 3753 3802 3818 3839 3863 3890 3896 3897 3931 3947 3948 3954 3986 3994 4060 4107 4120 4130 4159 4199 4206 4220 4221 4258 4297 4317 4318 4339 4353 4376 4377 4389 4403 4414 4449 
	}
	buildings_max_level_factor=1.000
        manpower=1
        state_category = town
}
