state={
	id=110
	name="STATE_110"
	provinces={
		13 209 304 403 438 468 482 673 851 1130 1188 1199 1375 1392 1503 1522 1598 1666 1768 1781 1852 1866 2131 2165 2171 2286 2289 2345 2441 2466 2473 2482 2600 2733 2774 2833 3695 3729 3740 3749 3798 3858 3919 3935 3939 3975 4004 4023 4054 4075 4087 4111 4144 4149 4154 4173 4177 4186 4204 4211 4228 4269 4330 4368 4371 4399 4421 4431 4439 4445 4464 4478 4507 4524 4525 4539 
	}
	buildings_max_level_factor=1.000
        manpower=1
        state_category = town
}
