state={
	id=136
	name="STATE_136"
	provinces={
		114 219 222 406 432 447 536 623 708 713 916 945 952 985 1023 1112 1136 1158 1177 1249 1286 1347 1614 1673 1830 1850 1878 1967 1977 1980 2099 2195 2256 2270 2287 2418 2486 2514 2540 2622 2634 2754 2770 2815 2885 2892 2952 3099 3101 4480 4485 4490 4511 4516 4541 4542 4545 4553 4571 4591 4595 4605 4612 4613 4634 4642 4643 4667 4668 4674 4685 4693 4726 4727 4744 4759 4798 4799 4808 4809 4815 4832 4833 4837 4841 4860 
	}
	buildings_max_level_factor=1.000
        manpower=1
        state_category = town
}
