state={
	id=139
	name="STATE_139"
	provinces={
		6 31 92 120 176 184 301 306 351 415 455 700 740 768 771 828 840 856 876 912 953 1045 1069 1147 1156 1167 1179 1246 1262 1322 1348 1381 1428 1456 1469 1538 1559 1563 1573 1631 1636 1763 1772 1790 1864 1907 1937 1942 2015 2038 2102 2142 2164 2184 2209 2269 2279 2290 2326 2362 2374 2483 2495 2523 2605 2675 2722 2736 2773 2844 2891 2897 2904 2941 3051 3067 3069 4329 4366 4398 4429 4444 4519 4538 4569 4581 4582 4593 4615 4638 4650 4670 4695 4712 4715 4731 4747 4748 4760 4768 4778 4784 4816 4824 4825 4829 4881 4886 4923 4936 4965 4966 4979 4990 4999 5022 5041 5050 5051 5055 5058 5081 5108 5133 5139 5164 5181 5197 5210 5211 5228 5229 5243 5244 5245 5246 5251 5272 5276 5286 5297 5305 5326 
	}
	buildings_max_level_factor=1.000
        manpower=1
        state_category = town
}
