state={
	id=178
	name="STATE_178"
	provinces={
		69 127 130 156 172 174 197 211 379 477 546 808 1011 1037 1137 1221 1289 1310 1416 1465 1485 1599 1756 1886 1903 1905 1959 1995 2047 2064 2084 2087 2210 2223 2268 2291 2487 2539 2580 2586 2627 2723 2748 2793 2805 2808 2862 2873 3030 3039 3049 3085 3091 5287 5291 5315 5327 5328 5338 5339 5345 5351 5358 5382 5390 5397 5404 5420 5432 5457 5479 5483 5490 5491 5492 5496 5500 5501 5519 5524 5525 5529 5530 5544 5545 5553 5556 5561 5562 5563 5574 5583 5585 5592 5594 5595 5605 5606 5609 5610 5613 5624 5627 5642 5647 
	}
	buildings_max_level_factor=1.000
        manpower=1
        state_category = town
}
