state={
	id=21
	name="STATE_21"
	provinces={
		105 144 171 208 231 320 449 569 605 672 823 839 859 936 1072 1091 1209 1276 1281 1561 1586 1650 1654 1717 1767 1806 1809 1828 1892 2001 2009 2019 2025 2040 2090 2104 2240 2241 2298 2358 2420 2421 2497 2648 2682 2700 2719 2740 2755 2776 2812 2875 2911 2982 3040 3060 4467 4474 4484 4486 4487 4500 4501 4502 4510 4515 4526 4547 4548 4549 4561 4565 4566 4585 4589 4590 4599 4604 4611 4622 4623 4639 4654 4666 4678 4692 4707 4708 4722 4725 4737 4743 4751 4781 4789 4790 4797 4807 4820 4831 4836 4840 4872 4884 
	}
	buildings_max_level_factor=1.000
        manpower=1
        state_category = town
}
