state={
	id=4
	name="STATE_4"
	provinces={
		126 289 511 591 597 611 662 783 964 974 977 1138 1150 1172 1247 1303 1365 1379 1421 1430 1438 1451 1461 1497 1519 1572 1593 1637 1687 1733 2161 2309 2429 2542 2635 2688 2787 2790 2801 2843 2953 2955 2963 3086 3181 3182 3183 3244 3253 3254 3292 3313 3314 3327 3347 3377 3378 3391 3433 3457 3458 3472 3490 3505 3518 3519 3532 3567 3584 3590 3612 3613 3619 3620 3635 3675 3676 3688 3730 3743 3744 3773 3783 3784 3801 3817 3825 3846 3882 3894 
	}
	buildings_max_level_factor=1.000
        manpower=1
        state_category = town
}
