state={
	id=54
	name="STATE_54"
	provinces={
		352 390 412 552 556 559 629 632 855 1030 1253 1293 1312 1318 1370 1385 1460 1463 1584 1608 1660 1701 1760 1770 1928 1968 2003 2007 2140 2272 2436 2470 2524 2794 2832 2861 2900 2991 3014 3034 3077 3189 3190 3191 3192 3193 3194 3195 3196 3197 3256 3257 3258 3266 3267 3268 3269 3270 3293 3294 3304 3328 3348 3359 3379 3380 3381 3399 3400 3435 3442 3448 3449 3460 3473 3474 3477 3501 3533 3545 3573 3585 3609 3615 3641 3654 3678 3719 3736 3745 3852 3853 3861 3906 3965 4039 
	}
	buildings_max_level_factor=1.000
        manpower=1
        state_category = town
}
