state={
	id=75
	name="STATE_75"
	provinces={
		29 35 51 97 104 119 286 488 557 645 663 668 799 865 881 957 1056 1096 1142 1146 1264 1368 1418 1480 1486 1543 1569 1629 1674 1715 1834 1874 1950 2053 2122 2144 2219 2222 2352 2519 2594 2618 2626 2652 2655 2716 2896 2903 2959 3388 3424 3979 4009 4066 4113 4119 4166 4167 4212 4257 4264 4271 4286 4315 4316 4324 4325 4343 4351 4352 4359 4374 4375 4388 4402 4408 4409 4410 4436 4448 
	}
	buildings_max_level_factor=1.000
        manpower=1
        state_category = town
}
